$ANSIBLE_VAULT;1.1;AES256
65633736663162386465323538333730353930393662616634633434376434666666333564336330
3534316465623430356432633765643433333631373033350a383463316338303361643635613565
62646336663831303537656334323061303634306132613734663162373465363631363866376163
3831313630383365320a613238643436306661656661623735313534313334343265383139646437
35613533353438393765366535326563343834336437393435363965653633343031346437393561
61343336373338386332623138326632373563356338333365396333336662326433633965346434
65313765643833613236303338353663306564323232326438353238353166613661326266623561
30656362393966333866376663613761323764636362343262376130306432333333316632303832
65653639356364613137646235623861643333656435626234633363653933653061653039363566
61663331373162653865313737336666623733393135376566313164316535313465643066383363
39343139633535316232303264613765636235396165613561303436346662313263366136333635
33313936623933303934336332323439396163313336653862303731613062643534636332613430
30366666323132333934616662633735353963333066643236376135333733303730643163363131
34346432353765383831656133393837613230336239356330333138356336343965396230323464
62363637306435616233363465326163323634393061376464326239356536623462393633303934
63336533376530363164343731356261393161366162326363343238396263326235656134613536
37373063646661393130326335346630646633303764373031653039366332623635666436353437
31616239373337656265633362633462363738653736386435306434643466306463656665393733
39633165313161613265383665353139326636653462636230626130373734363934333932653831
61616561353530366332633338633761373533316662656561396237313937643432383564333639
31343433663764643064636431636637623562393439353266373335323330623664646532333964
38383961666631373532396564623831613035636663393663653639646332643738363034323532
34366166643737663231363639643134303133343736333730333439636163646538646262663739
34346235313861386561
